-0.833000 -0.480000 -0.590000 -0.741000 -0.649000 -0.687000 -0.649000 -0.639000 -0.634000 -0.639000 -0.614000 -0.614000 -0.617000 -0.619000 -0.622000 -0.630000 -0.624000 -0.627000 -0.629000 -0.633000 -0.633000 -0.624000 -0.632000 -0.637000 -0.637000 -0.641000 -0.648000 -0.641000 -0.641000
-0.167000 -0.520000 -0.410000 -0.259000 -0.351000 -0.313000 -0.351000 -0.361000 -0.366000 -0.361000 -0.386000 -0.386000 -0.383000 -0.381000 -0.378000 -0.370000 -0.376000 -0.373000 -0.371000 -0.367000 -0.367000 -0.376000 -0.368000 -0.363000 -0.363000 -0.359000 -0.352000 -0.359000 -0.359000
0.080000 -0.231000 -0.284000 -0.058000 -0.196000 -0.139000 -0.196000 -0.211000 -0.219000 -0.211000 -0.249000 -0.249000 -0.244000 -0.241000 -0.236000 -0.224000 -0.233000 -0.228000 -0.226000 -0.219000 -0.219000 -0.233000 -0.222000 -0.213000 -0.213000 -0.208000 -0.197000 -0.208000 -0.208000
-0.167000 0.480000 -0.410000 -0.259000 -0.351000 -0.313000 -0.351000 -0.361000 -0.366000 -0.361000 -0.386000 -0.386000 -0.383000 -0.381000 -0.378000 -0.370000 -0.376000 -0.373000 -0.371000 -0.367000 -0.367000 -0.376000 -0.368000 -0.363000 -0.363000 -0.359000 -0.352000 -0.359000 -0.359000
0.027000 -0.077000 -0.094000 -0.556000 -0.139000 -0.312000 -0.139000 -0.132000 -0.128000 -0.132000 -0.113000 -0.113000 -0.115000 -0.116000 -0.119000 -0.125000 -0.120000 -0.123000 -0.124000 -0.128000 -0.127000 -0.121000 -0.126000 -0.131000 -0.131000 -0.133000 -0.139000 -0.133000 -0.133000
0.060000 -0.172000 -0.212000 -0.127000 -0.313000 -0.236000 -0.313000 -0.296000 -0.287000 -0.296000 -0.253000 -0.253000 -0.258000 -0.262000 -0.267000 -0.281000 -0.271000 -0.276000 -0.279000 -0.287000 -0.286000 -0.271000 -0.284000 -0.294000 -0.294000 -0.300000 -0.312000 -0.300000 -0.300000
-0.081000 0.234000 0.288000 -0.298000 -0.514000 -0.424000 -0.512000 -0.379000 -0.307000 -0.379000 -0.035000 -0.035000 -0.074000 -0.105000 -0.149000 -0.259000 -0.176000 -0.217000 -0.239000 -0.302000 -0.300000 -0.179000 -0.277000 -0.357000 -0.357000 -0.407000 -0.502000 -0.407000 -0.407000
0.027000 -0.077000 -0.094000 0.444000 -0.139000 -0.312000 -0.139000 -0.132000 -0.128000 -0.132000 -0.113000 -0.113000 -0.115000 -0.116000 -0.119000 -0.125000 -0.120000 -0.123000 -0.124000 -0.128000 -0.127000 -0.121000 -0.126000 -0.131000 -0.131000 -0.133000 -0.139000 -0.133000 -0.133000
-0.027000 0.077000 0.094000 -0.444000 0.139000 -0.688000 0.139000 0.132000 0.128000 0.132000 0.113000 0.113000 0.115000 0.116000 0.119000 0.125000 0.120000 0.123000 0.124000 0.128000 0.127000 0.121000 0.126000 0.131000 0.131000 0.133000 0.139000 0.133000 0.133000
0.000000 -0.001000 -0.001000 0.001000 0.001000 0.001000 -0.858000 -0.012000 -0.019000 -0.012000 -0.015000 -0.015000 -0.018000 -0.020000 -0.017000 -0.018000 -0.020000 -0.019000 -0.019000 -0.024000 -0.025000 -0.030000 -0.044000 -0.095000 -0.095000 -0.128000 -0.190000 -0.128000 -0.128000
0.003000 -0.008000 -0.010000 0.010000 0.017000 0.014000 0.015000 -0.601000 -0.399000 -0.601000 -0.206000 -0.206000 -0.227000 -0.243000 -0.287000 -0.365000 -0.297000 -0.330000 -0.347000 -0.379000 -0.373000 -0.266000 -0.296000 -0.191000 -0.191000 -0.124000 0.002000 -0.124000 -0.124000
0.002000 -0.004000 -0.006000 0.006000 0.010000 0.008000 0.008000 -0.146000 -0.228000 -0.146000 -0.118000 -0.118000 -0.130000 -0.139000 -0.164000 -0.209000 -0.170000 -0.189000 -0.198000 -0.217000 -0.214000 -0.152000 -0.169000 -0.109000 -0.109000 -0.071000 0.001000 -0.071000 -0.071000
-0.000000 -0.000000 0.000000 -0.000000 -0.000000 -0.000000 -0.000000 -0.000000 -0.000000 -1.000000 0.000000 0.000000 0.000000 -0.000000 -0.000000 -0.000000 -0.000000 -0.000000 0.000000 0.000000 0.000000 0.000000 0.000000 -0.000000 -0.000000 -0.000000 0.000000 -0.000000 -0.000000
0.003000 -0.008000 -0.010000 0.010000 0.017000 0.014000 0.015000 0.399000 -0.399000 0.399000 -0.206000 -0.206000 -0.227000 -0.243000 -0.287000 -0.365000 -0.297000 -0.330000 -0.347000 -0.379000 -0.373000 -0.266000 -0.296000 -0.191000 -0.191000 -0.124000 0.002000 -0.124000 -0.124000
-0.005000 0.015000 0.019000 -0.019000 -0.033000 -0.028000 -0.036000 -0.193000 -0.278000 -0.193000 -0.600000 -0.600000 -0.553000 -0.517000 -0.465000 -0.335000 -0.433000 -0.384000 -0.358000 -0.284000 -0.286000 -0.430000 -0.313000 -0.219000 -0.219000 -0.160000 -0.047000 -0.160000 -0.160000
0.000000 -0.000000 0.000000 0.000000 -0.000000 0.000000 0.000000 0.000000 0.000000 0.000000 0.000000 -1.000000 -0.000000 -0.000000 0.000000 0.000000 0.000000 -0.000000 0.000000 0.000000 0.000000 0.000000 -0.000000 -0.000000 -0.000000 0.000000 -0.000000 0.000000 0.000000
-0.001000 0.002000 0.002000 -0.002000 -0.004000 -0.003000 -0.005000 -0.021000 -0.030000 -0.021000 0.049000 0.049000 -0.495000 -0.139000 0.016000 -0.016000 -0.101000 -0.078000 -0.066000 -0.035000 -0.037000 -0.104000 -0.058000 -0.040000 -0.040000 -0.028000 -0.007000 -0.028000 -0.028000
-0.002000 0.006000 0.008000 -0.008000 -0.014000 -0.012000 -0.016000 -0.073000 -0.104000 -0.073000 0.170000 0.170000 -0.198000 -0.485000 0.056000 -0.055000 -0.352000 -0.273000 -0.231000 -0.122000 -0.128000 -0.364000 -0.201000 -0.139000 -0.139000 -0.099000 -0.023000 -0.099000 -0.099000
-0.002000 0.007000 0.009000 -0.009000 -0.015000 -0.013000 -0.016000 -0.099000 -0.144000 -0.099000 0.182000 0.182000 0.139000 0.107000 -0.537000 -0.264000 0.019000 -0.033000 -0.060000 -0.127000 -0.122000 0.038000 -0.054000 -0.041000 -0.041000 -0.033000 -0.017000 -0.033000 -0.033000
-0.001000 0.002000 0.002000 -0.002000 -0.004000 -0.003000 -0.005000 -0.021000 -0.030000 -0.021000 0.049000 0.049000 0.505000 -0.139000 0.016000 -0.016000 -0.101000 -0.078000 -0.066000 -0.035000 -0.037000 -0.104000 -0.058000 -0.040000 -0.040000 -0.028000 -0.007000 -0.028000 -0.028000
-0.002000 0.007000 0.009000 -0.009000 -0.015000 -0.013000 -0.016000 -0.099000 -0.144000 -0.099000 0.182000 0.182000 0.139000 0.107000 0.463000 -0.264000 0.019000 -0.033000 -0.060000 -0.127000 -0.122000 0.038000 -0.054000 -0.041000 -0.041000 -0.033000 -0.017000 -0.033000 -0.033000
-0.001000 0.004000 0.005000 -0.005000 -0.009000 -0.007000 -0.009000 -0.061000 -0.088000 -0.061000 0.103000 0.103000 0.147000 0.182000 0.023000 -0.054000 -0.563000 -0.412000 -0.332000 -0.071000 -0.066000 0.105000 0.001000 -0.002000 -0.002000 -0.004000 -0.008000 -0.004000 -0.004000
-0.001000 0.004000 0.005000 -0.005000 -0.009000 -0.007000 -0.009000 -0.061000 -0.088000 -0.061000 0.103000 0.103000 0.147000 0.182000 0.023000 -0.054000 0.437000 -0.412000 -0.332000 -0.071000 -0.066000 0.105000 0.001000 -0.002000 -0.002000 -0.004000 -0.008000 -0.004000 -0.004000
-0.001000 0.004000 0.005000 -0.005000 -0.009000 -0.007000 -0.009000 -0.061000 -0.088000 -0.061000 0.103000 0.103000 0.147000 0.182000 0.023000 -0.054000 0.437000 0.588000 -0.332000 -0.071000 -0.066000 0.105000 0.001000 -0.002000 -0.002000 -0.004000 -0.008000 -0.004000 -0.004000
0.001000 -0.004000 -0.005000 0.005000 0.009000 0.007000 0.009000 0.061000 0.088000 0.061000 -0.103000 -0.103000 -0.147000 -0.182000 -0.023000 0.054000 -0.437000 -0.588000 -0.668000 0.071000 0.066000 -0.105000 -0.001000 0.002000 0.002000 0.004000 0.008000 0.004000 0.004000
0.002000 -0.007000 -0.009000 0.009000 0.015000 0.013000 0.016000 0.099000 0.144000 0.099000 -0.182000 -0.182000 -0.139000 -0.107000 -0.463000 -0.736000 -0.019000 0.033000 0.060000 0.127000 0.122000 -0.038000 0.054000 0.041000 0.041000 0.033000 0.017000 0.033000 0.033000
0.000000 -0.001000 -0.001000 0.001000 0.002000 0.002000 -0.001000 0.056000 0.085000 0.056000 -0.024000 -0.024000 -0.042000 -0.056000 0.022000 0.066000 -0.007000 0.022000 0.038000 -0.575000 -0.467000 -0.166000 -0.313000 -0.207000 -0.207000 -0.140000 -0.013000 -0.140000 -0.140000
0.000000 -0.001000 -0.001000 0.001000 0.001000 0.001000 -0.000000 0.037000 0.056000 0.037000 -0.016000 -0.016000 -0.028000 -0.037000 0.014000 0.043000 -0.004000 0.015000 0.025000 -0.220000 -0.307000 -0.109000 -0.205000 -0.136000 -0.136000 -0.092000 -0.009000 -0.092000 -0.092000
0.000000 -0.001000 -0.001000 0.001000 0.002000 0.002000 -0.001000 0.056000 0.085000 0.056000 -0.024000 -0.024000 -0.042000 -0.056000 0.022000 0.066000 -0.007000 0.022000 0.038000 0.425000 -0.467000 -0.166000 -0.313000 -0.207000 -0.207000 -0.140000 -0.013000 -0.140000 -0.140000
-0.002000 0.004000 0.005000 -0.006000 -0.010000 -0.008000 -0.012000 -0.033000 -0.045000 -0.033000 0.116000 0.116000 0.160000 0.194000 0.048000 -0.017000 0.110000 0.061000 0.035000 -0.086000 -0.099000 -0.572000 -0.260000 -0.176000 -0.176000 -0.123000 -0.022000 -0.123000 -0.123000
0.001000 -0.002000 -0.002000 0.002000 0.003000 0.003000 -0.001000 0.093000 0.141000 0.093000 -0.040000 -0.040000 -0.070000 -0.093000 0.036000 0.109000 -0.011000 0.037000 0.062000 0.205000 0.226000 -0.275000 -0.518000 -0.343000 -0.343000 -0.232000 -0.022000 -0.232000 -0.232000
-0.002000 0.004000 0.005000 -0.006000 -0.010000 -0.008000 -0.012000 -0.033000 -0.045000 -0.033000 0.116000 0.116000 0.160000 0.194000 0.048000 -0.017000 0.110000 0.061000 0.035000 -0.086000 -0.099000 0.428000 -0.260000 -0.176000 -0.176000 -0.123000 -0.022000 -0.123000 -0.123000
-0.001000 0.003000 0.004000 -0.004000 -0.006000 -0.005000 -0.013000 0.060000 0.095000 0.060000 0.076000 0.076000 0.090000 0.101000 0.084000 0.092000 0.099000 0.098000 0.097000 0.119000 0.127000 0.153000 0.222000 -0.519000 -0.519000 -0.355000 -0.044000 -0.355000 -0.355000
-0.000000 -0.000000 -0.000000 -0.000000 -0.000000 -0.000000 -0.000000 -0.000000 -0.000000 -0.000000 -0.000000 -0.000000 -0.000000 0.000000 -0.000000 -0.000000 0.000000 -0.000000 -0.000000 0.000000 -0.000000 -0.000000 -0.000000 -0.000000 -1.000000 -0.000000 -0.000000 0.000000 0.000000
-0.001000 0.003000 0.004000 -0.004000 -0.006000 -0.005000 -0.013000 0.060000 0.095000 0.060000 0.076000 0.076000 0.090000 0.101000 0.084000 0.092000 0.099000 0.098000 0.097000 0.119000 0.127000 0.153000 0.222000 0.481000 0.481000 -0.355000 -0.044000 -0.355000 -0.355000
0.001000 -0.003000 -0.004000 0.004000 0.006000 0.005000 0.013000 -0.060000 -0.095000 -0.060000 -0.076000 -0.076000 -0.090000 -0.101000 -0.084000 -0.092000 -0.099000 -0.098000 -0.097000 -0.119000 -0.127000 -0.153000 -0.222000 -0.481000 -0.481000 -0.645000 0.044000 -0.645000 -0.645000
-0.000000 -0.000000 0.000000 -0.000000 0.000000 -0.000000 0.000000 -0.000000 0.000000 -0.000000 -0.000000 -0.000000 -0.000000 0.000000 0.000000 -0.000000 -0.000000 0.000000 0.000000 -0.000000 -0.000000 0.000000 0.000000 0.000000 0.000000 0.000000 -0.000000 -0.718000 -0.410000
0.000000 0.000000 0.000000 0.000000 0.000000 0.000000 0.000000 0.000000 0.000000 0.000000 0.000000 0.000000 0.000000 0.000000 0.000000 0.000000 0.000000 0.000000 0.000000 0.000000 -0.000000 0.000000 0.000000 0.000000 0.000000 0.000000 0.000000 -0.282000 -0.590000
0.000000 0.000000 -0.000000 0.000000 0.000000 -0.000000 -0.000000 0.000000 0.000000 0.000000 0.000000 0.000000 0.000000 0.000000 0.000000 0.000000 0.000000 0.000000 0.000000 0.000000 0.000000 0.000000 0.000000 0.000000 0.000000 0.000000 0.000000 0.282000 -0.410000
0.000000 -0.001000 -0.001000 0.001000 0.001000 0.001000 0.142000 -0.012000 -0.019000 -0.012000 -0.015000 -0.015000 -0.018000 -0.020000 -0.017000 -0.018000 -0.020000 -0.019000 -0.019000 -0.024000 -0.025000 -0.030000 -0.044000 -0.095000 -0.095000 -0.128000 -0.190000 -0.128000 -0.128000
0.001000 -0.002000 -0.003000 0.003000 0.005000 0.004000 -0.129000 -0.048000 -0.076000 -0.048000 -0.061000 -0.061000 -0.072000 -0.081000 -0.068000 -0.074000 -0.079000 -0.078000 -0.078000 -0.096000 -0.102000 -0.122000 -0.178000 -0.385000 -0.385000 -0.517000 -0.766000 -0.517000 -0.517000
