# Number of Buses, Number of Lines, and The Reference Bus
300 411 1

# Lines
# Line No, From Bus, To Bus, Admittance, Knowingness, Real Topology, Fixed (Core), Related Topology Info Secured
# If a line is unknown, then either From Bus or To Bus, or the both are zero.
1	1	5	166.67	1	1	1	1
2	2	6	111.11	1	1	1	1
3	2	8	37.04	1	1	1	1
4	3	7	333.33	1	1	1	1
5	3	19	14.49	1	1	1	1
6	3	150	142.86	1	1	1	1
7	3	1	19.23	1	1	1	1
8	3	2	19.23	1	1	1	1
9	3	4	200.00	1	1	1	1
10	4	16	52.63	1	1	1	1
11	5	9	34.48	1	1	1	1
12	7	12	111.11	1	1	1	1
13	7	131	142.86	1	1	1	1
14	7	5	25.64	1	1	1	1
15	7	6	25.64	1	1	1	1
16	8	11	16.81	1	1	1	1
17	8	14	23.81	1	1	1	1
18	9	11	37.04	1	1	1	1
19	10	11	11.24	1	1	1	1
20	11	13	29.41	1	1	1	1
21	12	21	66.67	1	1	1	1
22	12	10	18.87	1	1	1	1
23	13	20	29.41	1	1	1	1
24	14	15	23.81	1	1	1	1
25	15	37	4.03	1	1	1	1
26	15	89	4.03	1	1	1	1
27	15	90	2.75	1	1	1	1
28	15	17	32.15	1	1	1	1
29	16	42	45.45	1	1	1	1
30	16	15	26.32	1	1	1	1
31	19	21	55.56	1	1	1	1
32	19	87	12.50	1	1	1	1
33	20	22	30.30	1	1	1	1
34	20	27	5.38	1	1	1	1
35	21	24	29.41	1	1	1	1
36	21	20	71.43	1	1	1	1
37	22	23	9.01	1	1	1	1
38	23	25	25.64	1	1	1	1
39	24	18	14.71	1	1	1	1
40	24	23	15.63	1	1	1	1
41	25	26	14.08	1	1	1	1
42	26	27	8.33	1	1	1	1
43	26	28	7.69	1	1	1	1
44	33	34	15.87	1	1	1	1
45	33	38	83.33	1	1	1	1
46	33	40	34.48	1	1	1	1
47	33	41	23.26	1	1	1	1
48	34	42	125.00	1	1	1	1
49	35	72	16.67	1	1	1	1
50	35	76	71.43	1	1	1	1
51	35	77	34.48	1	1	1	1
52	36	88	37.04	1	1	1	1
53	36	35	21.28	1	1	1	1
54	37	265	2173.91	1	1	1	1
55	37	38	21.28	1	1	1	1
56	37	40	15.63	1	1	1	1
57	37	41	27.78	1	1	1	1
58	37	49	12.35	1	1	1	1
59	37	89	3.94	1	1	1	1
60	37	90	7.87	1	1	1	1
61	38	41	27.03	1	1	1	1
62	38	43	11.49	1	1	1	1
63	39	42	156.25	1	1	1	1
64	40	48	6.49	1	1	1	1
65	41	42	34.48	1	1	1	1
66	41	49	5.24	1	1	1	1
67	41	51	11.24	1	1	1	1
68	42	46	71.43	1	1	1	1
69	43	44	13.89	1	1	1	1
70	43	48	3.82	1	1	1	1
71	43	53	25.64	1	1	1	1
72	44	47	11.90	1	1	1	1
73	44	54	11.90	1	1	1	1
74	45	60	24.39	1	1	1	1
75	45	74	18.52	1	1	1	1
76	45	44	50.00	1	1	1	1
77	45	46	47.62	1	1	1	1
78	46	81	23.81	1	1	1	1
79	47	73	6.90	1	1	1	1
80	47	113	8.47	1	1	1	1
81	48	107	16.13	1	1	1	1
82	49	51	10.64	1	1	1	1
83	51	52	9.17	1	1	1	1
84	52	55	12.50	1	1	1	1
85	53	54	13.70	1	1	1	1
86	54	55	9.71	1	1	1	1
87	55	57	5.92	1	1	1	1
88	57	58	12.50	1	1	1	1
89	57	63	1.86	1	1	1	1
90	58	59	38.46	1	1	1	1
91	59	61	76.92	1	1	1	1
92	60	62	15.38	1	1	1	1
93	62	64	9.52	1	1	1	1
94	62	144	142.86	1	1	1	1
95	62	61	16.95	1	1	1	1
96	63	32	5.81	1	1	1	1
97	63	64	26.32	1	1	1	1
98	69	211	4.31	1	1	1	1
99	69	79	6.37	1	1	1	1
100	70	71	10.00	1	1	1	1
101	70	50	8.10	1	1	1	1
102	71	72	7.63	1	1	1	1
103	71	73	10.10	1	1	1	1
104	72	77	11.49	1	1	1	1
105	72	56	5.18	1	1	1	1
106	73	76	17.54	1	1	1	1
107	73	79	19.23	1	1	1	1
108	73	74	40.98	1	1	1	1
109	74	88	37.04	1	1	1	1
110	74	66	4.97	1	1	1	1
111	76	77	23.26	1	1	1	1
112	77	78	166.67	1	1	1	1
113	77	80	14.29	1	1	1	1
114	77	65	3.74	1	1	1	1
115	77	67	4.70	1	1	1	1
116	78	79	45.45	1	1	1	1
117	78	84	27.78	1	1	1	1
118	79	211	2.67	1	1	1	1
119	80	211	9.35	1	1	1	1
120	81	194	30.30	1	1	1	1
121	81	195	30.30	1	1	1	1
122	81	88	50.00	1	1	1	1
123	83	120	-2.70	1	1	1	1
124	85	86	15.63	1	1	1	1
125	85	99	20.83	1	1	1	1
126	86	87	10.75	1	1	1	1
127	86	30	20.83	1	1	1	1
128	86	102	20.83	1	1	1	1
129	87	94	21.74	1	1	1	1
130	89	91	8.40	1	1	1	1
131	90	92	5.75	1	1	1	1
132	91	94	3.95	1	1	1	1
133	91	97	12.99	1	1	1	1
134	92	103	6.94	1	1	1	1
135	92	105	10.87	1	1	1	1
136	94	97	2.34	1	1	1	1
137	95	1	51.20	1	1	1	1
138	96	2	68.49	1	1	1	1
139	97	100	18.87	1	1	1	1
140	97	102	10.87	1	1	1	1
141	97	103	8.20	1	1	1	1
142	98	100	15.63	1	1	1	1
143	98	102	8.26	1	1	1	1
144	99	107	7.41	1	1	1	1
145	99	108	250.00	1	1	1	1
146	99	109	2.82	1	1	1	1
147	99	110	5.75	1	1	1	1
148	100	102	26.32	1	1	1	1
149	101	3	94.88	1	1	1	1
150	102	104	15.63	1	1	1	1
151	103	105	16.13	1	1	1	1
152	104	108	7.69	1	1	1	1
153	104	29	8.06	1	1	1	1
154	105	107	11.36	1	1	1	1
155	105	110	2.50	1	1	1	1
156	106	11	52.00	1	1	1	1
157	108	31	4.81	1	1	1	1
158	109	110	5.43	1	1	1	1
159	109	113	3.65	1	1	1	1
160	109	114	2.54	1	1	1	1
161	110	112	2.48	1	1	1	1
162	111	12	32.05	1	1	1	1
163	112	114	23.81	1	1	1	1
164	114	207	6.71	1	1	1	1
165	115	122	50.25	1	1	1	1
166	116	120	9.53	1	1	1	1
167	116	124	57.47	1	1	1	1
168	117	118	555.56	1	1	1	1
169	118	119	36.90	1	1	1	1
170	118	83	1.62	1	1	1	1
171	118	121	3.43	1	1	1	1
172	119	120	29.50	1	1	1	1
173	119	121	17.18	1	1	1	1
174	119	75	43.48	1	1	1	1
175	120	82	43.48	1	1	1	1
176	121	115	35.71	1	1	1	1
177	122	123	4.27	1	1	1	1
178	122	125	2.73	1	1	1	1
179	122	157	51.28	1	1	1	1
180	123	124	9.29	1	1	1	1
181	123	125	7.07	1	1	1	1
182	125	126	50.76	1	1	1	1
183	126	127	24.69	1	1	1	1
184	126	129	9.04	1	1	1	1
185	126	132	5.92	1	1	1	1
186	126	157	20.00	1	1	1	1
187	126	158	18.59	1	1	1	1
188	126	169	8.64	1	1	1	1
189	127	128	17.33	1	1	1	1
190	127	134	29.76	1	1	1	1
191	127	168	17.33	1	1	1	1
192	128	130	12.94	1	1	1	1
193	128	133	51.81	1	1	1	1
194	129	130	13.30	1	1	1	1
195	129	133	53.76	1	1	1	1
196	130	132	60.98	1	1	1	1
197	130	151	60.61	1	1	1	1
198	130	167	12.61	1	1	1	1
199	130	168	12.76	1	1	1	1
200	130	131	55.56	1	1	1	1
201	130	150	71.43	1	1	1	1
202	132	170	24.88	1	1	1	1
203	133	137	85.47	1	1	1	1
204	133	168	51.81	1	1	1	1
205	133	169	53.76	1	1	1	1
206	133	171	99.01	1	1	1	1
207	134	135	34.13	1	1	1	1
208	134	184	26.25	1	1	1	1
209	135	136	16.05	1	1	1	1
210	136	137	11.24	1	1	1	1
211	136	152	25.64	1	1	1	1
212	137	140	87.72	1	1	1	1
213	137	181	294.12	1	1	1	1
214	137	186	66.23	1	1	1	1
215	137	188	294.12	1	1	1	1
216	139	172	4.45	1	1	1	1
217	140	141	11.96	1	1	1	1
218	140	142	8.83	1	1	1	1
219	140	145	2.97	1	1	1	1
220	140	146	3.30	1	1	1	1
221	140	147	2.86	1	1	1	1
222	140	182	112.36	1	1	1	1
223	141	146	4.41	1	1	1	1
224	141	174	16.58	1	1	1	1
225	142	143	17.54	1	1	1	1
226	142	175	20.08	1	1	1	1
227	143	145	12.94	1	1	1	1
228	143	149	11.00	1	1	1	1
229	143	144	12.00	1	1	1	1
230	143	148	26.95	1	1	1	1
231	145	146	17.01	1	1	1	1
232	145	149	6.62	1	1	1	1
233	145	180	54.95	1	1	1	1
234	146	147	19.84	1	1	1	1
235	148	178	6.55	1	1	1	1
236	148	179	2.55	1	1	1	1
237	151	170	25.51	1	1	1	1
238	152	153	10.45	1	1	1	1
239	153	161	34.72	1	1	1	1
240	153	183	15.65	1	1	1	1
241	154	156	3.16	1	1	1	1
242	154	183	3.27	1	1	1	1
243	155	161	17.61	1	1	1	1
244	155	156	39.06	1	1	1	1
245	157	159	102.04	1	1	1	1
246	158	159	35.09	1	1	1	1
247	158	160	22.32	1	1	1	1
248	159	117	62.50	1	1	1	1
249	160	124	25.25	1	1	1	1
250	162	164	30.67	1	1	1	1
251	162	165	40.82	1	1	1	1
252	163	164	19.46	1	1	1	1
253	163	137	26.04	1	1	1	1
254	164	155	43.29	1	1	1	1
255	165	166	81.30	1	1	1	1
256	167	169	56.18	1	1	1	1
257	172	173	2.06	1	1	1	1
258	172	174	4.52	1	1	1	1
259	173	174	3.00	1	1	1	1
260	173	175	3.26	1	1	1	1
261	173	176	1.99	1	1	1	1
262	175	176	2.76	1	1	1	1
263	175	179	3.23	1	1	1	1
264	176	177	12.06	1	1	1	1
265	177	178	11.81	1	1	1	1
266	178	179	5.39	1	1	1	1
267	178	180	34.48	1	1	1	1
268	181	138	49.50	1	1	1	1
269	181	187	120.48	1	1	1	1
270	182	139	76.34	1	1	1	1
271	184	185	40.82	1	1	1	1
272	186	188	116.28	1	1	1	1
273	187	188	116.28	1	1	1	1
274	188	138	49.50	1	1	1	1
275	189	208	10.53	1	1	1	1
276	189	209	14.49	1	1	1	1
277	189	210	3.97	1	1	1	1
278	190	231	454.55	1	1	1	1
279	190	240	36.36	1	1	1	1
280	191	192	20.83	1	1	1	1
281	192	225	111.11	1	1	1	1
282	193	205	15.87	1	1	1	1
283	193	208	7.87	1	1	1	1
284	193	196	4.22	1	1	1	1
285	194	219	34.97	1	1	1	1
286	194	68	28.17	1	1	1	1
287	195	219	34.97	1	1	1	1
288	195	212	27.32	1	1	1	1
289	196	197	25.00	1	1	1	1
290	196	210	12.35	1	1	1	1
291	196	93	50.00	1	1	1	1
292	197	198	16.67	1	1	1	1
293	197	211	25.00	1	1	1	1
294	198	202	1.45	1	1	1	1
295	198	203	21.74	1	1	1	1
296	198	210	13.70	1	1	1	1
297	198	211	9.17	1	1	1	1
298	199	200	7.41	1	1	1	1
299	199	210	9.80	1	1	1	1
300	200	210	7.81	1	1	1	1
301	200	248	4.55	1	1	1	1
302	201	204	5.46	1	1	1	1
303	201	69	10.20	1	1	1	1
304	202	211	7.81	1	1	1	1
305	203	211	16.95	1	1	1	1
306	204	205	14.71	1	1	1	1
307	204	93	4.90	1	1	1	1
308	205	206	2.24	1	1	1	1
309	206	207	10.75	1	1	1	1
310	206	208	2.38	1	1	1	1
311	209	198	4.74	1	1	1	1
312	211	212	81.97	1	1	1	1
313	212	215	12.85	1	1	1	1
314	213	214	26.32	1	1	1	1
315	214	215	54.05	1	1	1	1
316	214	242	92.59	1	1	1	1
317	215	216	40.16	1	1	1	1
318	216	217	20.12	1	1	1	1
319	217	218	21.93	1	1	1	1
320	217	219	56.50	1	1	1	1
321	217	220	25.32	1	1	1	1
322	218	219	28.25	1	1	1	1
323	219	237	555.56	1	1	1	1
324	220	218	20.66	1	1	1	1
325	220	221	33.90	1	1	1	1
326	220	238	217.39	1	1	1	1
327	221	223	769.23	1	1	1	1
328	222	237	19.46	1	1	1	1
329	223	224	51.28	1	1	1	1
330	224	225	15.63	1	1	1	1
331	224	226	123.46	1	1	1	1
332	225	191	16.39	1	1	1	1
333	226	231	47.17	1	1	1	1
334	227	231	21.19	1	1	1	1
335	228	229	114.94	1	1	1	1
336	228	231	10.91	1	1	1	1
337	228	234	34.72	1	1	1	1
338	229	190	15.97	1	1	1	1
339	229	230	30.12	1	1	1	1
340	231	232	144.93	1	1	1	1
341	231	237	1666.67	1	1	1	1
342	232	233	20.62	1	1	1	1
343	234	235	38.61	1	1	1	1
344	234	237	36.76	1	1	1	1
345	234	236	62.50	1	1	1	1
346	235	238	1666.67	1	1	1	1
347	238	239	62.50	1	1	1	1
348	240	281	232.56	1	1	1	1
349	241	237	64.94	1	1	1	1
350	242	245	11.75	1	1	1	1
351	242	247	13.83	1	1	1	1
352	243	244	28.17	1	1	1	1
353	243	245	5.54	1	1	1	1
354	244	246	18.15	1	1	1	1
355	245	246	13.66	1	1	1	1
356	245	247	4.72	1	1	1	1
357	246	247	7.78	1	1	1	1
358	247	248	8.23	1	1	1	1
359	248	249	9.96	1	1	1	1
360	249	250	5.39	1	1	1	1
361	251	17	60.46	1	1	1	1
362	252	23	43.48	1	1	1	1
363	253	24	34.60	1	1	1	1
364	254	39	31.66	1	1	1	1
365	255	44	5.50	1	1	1	1
366	256	49	80.65	1	1	1	1
367	257	55	5.10	1	1	1	1
368	258	57	18.70	1	1	1	1
369	259	61	42.02	1	1	1	1
370	260	62	31.11	1	1	1	1
371	261	71	14.50	1	1	1	1
372	262	130	51.81	1	1	1	1
373	263	139	59.88	1	1	1	1
374	264	166	64.94	1	1	1	1
375	265	269	287.36	1	1	1	1
376	265	270	2.29	1	1	1	1
377	265	272	1.54	1	1	1	1
378	266	273	14.23	1	1	1	1
379	266	276	0.31	1	1	1	1
380	267	279	0.21	1	1	1	1
381	267	280	0.20	1	1	1	1
382	267	282	0.21	1	1	1	1
383	267	291	15.74	1	1	1	1
384	267	283	0.72	1	1	1	1
385	267	284	0.29	1	1	1	1
386	267	285	0.60	1	1	1	1
387	267	286	0.39	1	1	1	1
388	267	287	0.34	1	1	1	1
389	268	288	0.41	1	1	1	1
390	268	289	0.18	1	1	1	1
391	268	290	0.59	1	1	1	1
392	269	292	2.67	1	1	1	1
393	269	293	2.67	1	1	1	1
394	269	294	2.63	1	1	1	1
395	269	295	6.58	1	1	1	1
396	269	296	1.25	1	1	1	1
397	270	271	4.05	1	1	1	1
398	270	267	2.03	1	1	1	1
399	270	267	2.03	1	1	1	1
400	271	297	0.34	1	1	1	1
401	271	298	0.49	1	1	1	1
402	271	267	4.05	1	1	1	1
403	272	266	2.31	1	1	1	1
404	272	266	2.31	1	1	1	1
405	272	299	1.01	1	1	1	1
406	273	275	1.05	1	1	1	1
407	273	274	0.36	1	1	1	1
408	275	277	0.25	1	1	1	1
409	275	278	0.28	1	1	1	1
410	291	268	34.55	1	1	1	1
411	294	300	1.33	1	1	1	1

# Measurements (the maximum number of possible measurements is 2 x #lines + #buses, though all of them may not be recorded)
# Measurement No, Measurements Taken?, Secured?, Attacker has the ability to alter?
1	1	1	0
2	1	1	0
3	0	0	1
4	1	0	1
5	0	1	0
6	1	0	1
7	1	1	0
8	0	0	1
9	1	1	0
10	1	0	1
11	1	1	0
12	1	0	1
13	1	0	1
14	0	1	0
15	1	1	0
16	1	1	0
17	0	0	0
18	1	0	0
19	1	0	0
20	0	0	0
21	1	0	1
22	1	1	1
23	1	0	1
24	1	1	0
25	0	0	1
26	1	0	1
27	1	1	0
28	1	1	0
29	1	1	0
30	0	0	1
31	0	0	1
32	0	1	0
33	1	0	1
34	0	1	0
35	1	1	0
36	1	1	0
37	0	0	1
38	1	1	0
39	0	0	1
40	1	1	0
41	0	0	1
42	1	0	1
43	0	0	1
44	1	1	0
45	1	0	1
46	1	0	1
47	1	1	0
48	1	0	1
49	1	0	1
50	0	0	1
51	1	1	0
52	0	0	1
53	1	0	1
54	1	1	0
55	1	1	0
56	0	1	0
57	0	0	1
58	1	0	1
59	1	0	1
60	1	1	0
61	1	0	1
62	1	0	1
63	1	1	0
64	1	0	1
65	1	0	1
66	1	0	1
67	0	1	0
68	1	0	1
69	1	1	0
70	0	1	0
71	1	1	0
72	1	1	0
73	1	0	1
74	1	0	1
75	1	0	1
76	0	0	1
77	1	0	1
78	0	0	1
79	1	1	0
80	1	1	0
81	0	1	0
82	1	0	1
83	1	0	1
84	0	0	1
85	1	0	1
86	1	0	1
87	0	0	1
88	1	1	0
89	1	0	0
90	1	1	0
91	1	0	1
92	1	0	1
93	1	1	0
94	1	1	0
95	0	1	1
96	1	0	1
97	1	1	1
98	0	1	1
99	0	1	0
100	1	1	0
101	1	1	0
102	1	1	0
103	1	0	1
104	0	1	1
105	1	0	1
106	1	1	0
107	0	0	1
108	1	0	0
109	1	0	0
110	0	1	0
111	1	0	1
112	0	0	1
113	1	1	1
114	0	0	1
115	1	0	0
116	0	0	0
117	1	1	0
118	1	0	0
119	0	0	0
120	1	1	0
121	1	1	1
122	0	1	1
123	1	0	1
124	1	0	0
125	0	0	1
126	1	0	1
127	1	1	0
128	1	1	0
129	0	1	0
130	0	0	1
131	1	0	1
132	1	1	0
133	1	0	1
134	1	1	0
135	1	0	0
136	1	0	0
137	1	1	1
138	1	1	0
139	1	1	1
140	0	0	0
141	1	0	1
142	1	0	1
143	0	0	1
144	1	1	0
145	1	1	1
146	1	1	1
147	0	0	0
148	1	1	1
149	1	0	1
150	0	1	1
151	1	0	0
152	1	0	1
153	0	0	1
154	1	1	0
155	1	0	0
156	0	0	0
157	1	1	1
158	0	0	1
159	1	0	1
160	1	0	0
161	0	1	1
162	1	0	1
163	1	0	0
164	1	1	1
165	1	1	1
166	1	1	1
167	0	0	0
168	1	0	1
169	1	0	0
170	0	1	0
171	1	1	0
172	1	1	0
173	0	0	1
174	1	0	1
175	1	1	1
176	0	0	1
177	1	0	1
178	1	1	1
179	1	0	0
180	0	0	0
181	1	0	0
182	0	1	1
183	1	0	1
184	1	1	1
185	0	0	1
186	1	1	1
187	0	1	1
188	0	0	0
189	1	0	0
190	1	0	0
191	1	0	1
192	1	0	1
193	1	0	0
194	0	1	0
195	1	0	1
196	1	1	1
197	1	0	1
198	0	0	0
199	1	1	0
200	1	1	0
201	0	1	0
202	1	0	0
203	1	0	0
204	1	0	1
205	1	0	1
206	1	1	1
207	1	1	0
208	0	1	1
209	1	0	1
210	1	1	0
211	1	0	0
212	1	1	0
213	0	0	1
214	1	0	1
215	1	0	0
216	0	1	1
217	1	0	0
218	1	0	0
219	1	1	0
220	1	0	1
221	0	0	0
222	1	0	1
223	1	1	0
224	1	0	1
225	0	0	1
226	1	1	1
227	1	1	0
228	1	1	1
229	1	1	1
230	0	0	0
231	0	1	1
232	1	0	1
233	1	1	1
234	1	0	0
235	1	0	1
236	0	1	1
237	0	1	0
238	1	1	0
239	1	0	0
240	1	1	1
241	1	0	1
242	1	0	1
243	0	1	0
244	1	1	1
245	1	1	1
246	0	0	0
247	1	0	1
248	0	0	1
249	1	0	1
250	1	1	0
251	1	1	1
252	1	1	0
253	1	0	0
254	1	1	0
255	1	0	0
256	1	1	1
257	0	0	1
258	1	0	1
259	1	0	1
260	0	1	1
261	1	0	1
262	1	0	0
263	0	1	0
264	1	0	0
265	0	0	1
266	1	0	1
267	0	1	1
268	1	0	1
269	0	0	1
270	1	1	1
271	1	0	0
272	0	1	0
273	1	0	0
274	1	1	1
275	0	1	1
276	1	0	0
277	1	1	0
278	0	0	1
279	1	0	1
280	1	1	1
281	1	1	1
282	0	1	0
283	0	0	0
284	1	0	0
285	1	0	0
286	1	0	0
287	1	1	0
288	1	1	1
289	1	1	1
290	1	0	1
291	1	0	0
292	1	0	1
293	0	0	1
294	1	0	0
295	1	0	0
296	1	0	0
297	1	1	1
298	0	0	1
299	1	1	0
300	0	0	1
301	1	0	0
302	1	1	0
303	0	0	0
304	1	0	1
305	1	0	0
306	1	1	1
307	1	0	0
308	1	1	1
309	0	0	1
310	1	0	1
311	1	1	0
312	0	1	1
313	1	1	1
314	1	0	0
315	0	0	1
316	1	0	1
317	1	0	1
318	1	1	0
319	1	1	1
320	1	1	1
321	1	0	0
322	1	1	0
323	1	0	0
324	1	0	1
325	0	0	1
326	1	1	1
327	0	0	0
328	1	1	1
329	1	0	1
330	1	0	0
331	1	1	1
332	0	1	1
333	0	1	1
334	0	0	0
335	1	0	1
336	1	0	0
337	1	0	0
338	0	1	0
339	1	1	0
340	1	1	1
341	1	0	1
342	0	1	1
343	1	1	1
344	1	1	1
345	0	0	1
346	1	0	0
347	0	1	0
348	0	1	0
349	1	0	0
350	1	1	0
351	0	0	0
352	0	0	0
353	1	1	0
354	1	1	1
355	1	1	1
356	1	0	1
357	1	0	0
358	1	0	1
359	1	0	1
360	1	0	0
361	1	0	0
362	0	0	0
363	1	1	1
364	1	0	1
365	0	1	0
366	1	0	1
367	1	0	0
368	1	1	0
369	1	1	0
370	1	1	1
371	0	0	0
372	1	0	1
373	0	0	0
374	1	0	1
375	1	1	1
376	0	1	1
377	1	1	0
378	1	0	1
379	0	0	1
380	1	0	0
381	1	0	1
382	0	0	1
383	1	0	1
384	1	0	0
385	1	1	1
386	1	0	1
387	1	1	0
388	1	0	0
389	1	0	0
390	0	1	1
391	1	0	1
392	1	0	0
393	0	0	0
394	0	1	0
395	1	0	0
396	1	1	0
397	1	0	0
398	1	0	1
399	0	1	1
400	1	1	1
401	1	1	0
402	0	0	1
403	1	0	1
404	1	0	0
405	0	0	0
406	1	1	0
407	0	1	1
408	1	1	1
409	0	0	0
410	1	1	1
411	0	0	0
412	1	0	0
413	1	0	0
414	0	1	1
415	1	0	0
416	1	0	1
417	0	1	0
418	1	0	1
419	1	0	1
420	0	0	1
421	1	1	0
422	1	0	1
423	1	0	1
424	0	0	0
425	0	0	1
426	1	0	1
427	1	0	1
428	1	0	0
429	1	1	1
430	1	0	1
431	1	1	0
432	1	0	0
433	1	0	0
434	1	1	1
435	0	1	1
436	1	1	1
437	1	0	0
438	0	0	1
439	1	0	1
440	1	0	0
441	1	1	1
442	0	1	1
443	1	1	1
444	1	1	0
445	0	1	1
446	1	0	0
447	1	0	0
448	0	1	0
449	1	1	0
450	1	0	1
451	0	1	1
452	1	0	1
453	0	1	1
454	1	0	1
455	1	0	1
456	0	1	0
457	1	0	0
458	1	0	0
459	1	0	0
460	1	1	0
461	1	0	0
462	0	1	0
463	1	0	0
464	1	0	1
465	0	1	1
466	1	1	1
467	1	0	0
468	0	0	1
469	1	0	1
470	1	1	0
471	0	0	0
472	1	0	0
473	1	1	1
474	1	0	1
475	0	0	0
476	1	0	1
477	0	1	0
478	1	0	0
479	1	0	0
480	0	0	1
481	1	0	0
482	1	0	1
483	1	1	0
484	1	1	1
485	1	1	1
486	1	1	1
487	1	0	0
488	1	1	1
489	0	1	1
490	1	1	0
491	1	0	1
492	1	0	1
493	0	1	1
494	1	0	0
495	1	1	1
496	0	0	1
497	1	0	0
498	1	1	0
499	1	1	0
500	1	1	1
501	1	0	1
502	1	0	1
503	0	0	0
504	1	0	1
505	1	1	1
506	1	1	0
507	1	1	1
508	0	0	1
509	1	0	1
510	1	1	0
511	0	0	1
512	1	0	0
513	1	0	0
514	1	1	0
515	1	0	0
516	0	0	1
517	1	1	1
518	1	0	1
519	1	0	1
520	1	0	1
521	1	1	1
522	0	1	0
523	1	0	0
524	0	1	0
525	1	0	1
526	1	1	1
527	0	0	1
528	1	0	1
529	1	1	1
530	1	1	1
531	1	1	0
532	1	1	0
533	0	1	0
534	1	0	1
535	1	0	1
536	0	0	0
537	1	1	0
538	1	0	1
539	0	1	1
540	1	0	1
541	1	0	1
542	1	1	0
543	1	1	0
544	0	1	0
545	1	0	0
546	1	0	0
547	1	0	0
548	1	0	0
549	0	1	0
550	0	1	0
551	0	1	1
552	1	0	1
553	0	0	1
554	1	0	0
555	1	0	1
556	0	0	1
557	1	0	0
558	0	0	0
559	1	1	0
560	0	0	1
561	1	1	1
562	0	0	0
563	1	0	1
564	1	1	0
565	1	0	0
566	1	0	0
567	1	0	1
568	1	1	0
569	0	1	1
570	1	1	0
571	0	0	1
572	1	0	1
573	1	1	1
574	1	1	0
575	0	1	1
576	0	0	1
577	1	1	0
578	1	0	1
579	1	0	1
580	1	1	1
581	1	1	0
582	1	1	1
583	1	0	1
584	1	1	0
585	1	1	0
586	0	0	0
587	1	0	1
588	1	1	1
589	0	0	1
590	1	1	0
591	1	0	1
592	1	0	1
593	1	1	0
594	1	1	1
595	0	1	1
596	1	0	1
597	0	0	0
598	1	0	1
599	1	0	0
600	0	0	0
601	1	0	0
602	1	0	0
603	0	1	1
604	1	0	1
605	1	1	1
606	0	0	1
607	1	0	1
608	1	1	1
609	1	1	0
610	1	1	0
611	1	0	0
612	1	0	0
613	1	0	0
614	0	0	0
615	1	1	0
616	1	1	0
617	0	1	1
618	0	0	1
619	1	0	1
620	1	0	0
621	1	1	1
622	1	1	1
623	0	1	0
624	1	1	0
625	1	1	0
626	0	0	1
627	1	1	1
628	1	0	0
629	0	0	1
630	1	1	0
631	0	0	0
632	1	0	0
633	0	0	1
634	1	1	0
635	0	0	1
636	1	1	0
637	1	0	1
638	0	0	1
639	1	1	1
640	1	1	0
641	0	1	1
642	1	1	1
643	1	0	0
644	0	0	1
645	1	0	1
646	1	1	1
647	1	0	0
648	0	0	1
649	0	1	1
650	1	0	0
651	1	0	0
652	1	0	0
653	1	1	1
654	1	0	1
655	1	0	1
656	1	1	0
657	1	0	1
658	1	0	1
659	0	1	0
660	1	0	1
661	1	1	1
662	0	1	1
663	1	0	0
664	1	0	1
665	1	1	0
666	0	1	0
667	1	1	0
668	1	0	0
669	0	1	1
670	1	0	1
671	1	1	1
672	0	0	1
673	1	0	1
674	1	1	1
675	0	1	0
676	1	1	0
677	0	0	0
678	1	0	1
679	1	0	1
680	0	0	1
681	1	1	1
682	1	1	1
683	1	1	1
684	1	0	0
685	1	0	0
686	0	1	0
687	1	0	1
688	1	0	1
689	0	0	0
690	1	1	0
691	1	0	1
692	0	0	1
693	1	1	1
694	1	0	1
695	0	0	0
696	1	0	0
697	1	1	0
698	1	0	0
699	0	0	1
700	1	1	0
701	0	0	1
702	1	1	0
703	1	0	1
704	0	0	1
705	1	1	0
706	0	1	0
707	0	0	1
708	1	0	1
709	1	0	1
710	1	1	0
711	1	0	1
712	1	0	1
713	0	0	1
714	1	1	1
715	1	0	1
716	1	0	1
717	0	1	1
718	1	0	1
719	1	0	1
720	0	0	1
721	1	1	1
722	1	0	1
723	1	1	1
724	1	0	1
725	1	0	1
726	1	0	1
727	0	1	1
728	1	0	1
729	1	0	1
730	1	1	1
731	1	0	1
732	0	0	1
733	1	0	0
734	1	1	0
735	0	0	0
736	1	0	0
737	1	0	0
738	1	0	0
739	1	0	1
740	0	1	1
741	1	0	1
742	1	0	1
743	1	1	0
744	0	0	0
745	1	0	1
746	1	0	1
747	1	1	1
748	1	0	1
749	0	0	1
750	0	0	1
751	1	1	0
752	1	1	0
753	1	1	0
754	1	1	0
755	0	1	1
756	0	1	1
757	1	0	1
758	1	1	1
759	1	1	0
760	1	1	0
761	1	0	0
762	0	0	0
763	1	1	1
764	1	0	0
765	0	1	1
766	1	0	0
767	0	0	1
768	1	1	0
769	1	1	1
770	1	1	0
771	1	0	1
772	1	0	0
773	1	0	1
774	1	0	0
775	1	1	1
776	0	1	0
777	1	1	1
778	1	0	0
779	0	0	1
780	1	1	0
781	1	0	1
782	0	0	0
783	1	0	1
784	0	1	1
785	1	0	1
786	0	0	1
787	1	1	1
788	0	0	1
789	1	0	1
790	1	0	1
791	0	1	1
792	1	0	1
793	1	0	1
794	0	1	1
795	1	0	1
796	1	1	1
797	0	0	1
798	1	1	1
799	1	1	1
800	1	1	1
801	0	1	1
802	0	1	0
803	1	0	1
804	1	0	0
805	1	0	1
806	1	0	0
807	1	1	0
808	1	0	1
809	1	1	0
810	1	0	1
811	1	0	1
812	0	1	0
813	1	1	0
814	1	1	0
815	1	0	1
816	1	0	1
817	0	0	1
818	1	0	1
819	0	1	0
820	1	1	0
821	1	1	0
822	0	1	0
823	1	1	0
824	1	0	1
825	1	0	1
826	1	0	1
827	1	1	0
828	0	1	0
829	1	1	0
830	1	0	1
831	0	1	0
832	1	0	1
833	1	0	1
834	0	1	0
835	1	0	1
836	1	0	1
837	1	0	1
838	1	1	0
839	1	0	1
840	1	1	0
841	1	0	1
842	1	0	1
843	1	1	0
844	0	1	0
845	1	1	0
846	0	0	1
847	1	0	1
848	1	0	1
849	1	0	1
850	1	1	0
851	0	1	0
852	0	1	0
853	0	0	1
854	1	1	0
855	1	1	0
856	1	0	1
857	0	0	1
858	1	1	0
859	1	0	1
860	1	1	0
861	0	0	1
862	1	0	1
863	1	1	0
864	0	1	0
865	1	1	0
866	0	0	1
867	0	0	1
868	1	0	1
869	1	0	1
870	0	0	1
871	0	0	1
872	1	0	1
873	1	1	0
874	1	0	1
875	1	1	0
876	1	0	1
877	1	0	1
878	1	1	0
879	1	1	0
880	1	1	0
881	0	0	1
882	1	0	1
883	1	0	1
884	0	0	1
885	1	1	1
886	1	1	1
887	1	1	1
888	1	0	1
889	1	0	1
890	0	0	1
891	1	0	1
892	0	0	1
893	1	0	1
894	1	0	1
895	0	1	1
896	1	0	0
897	1	1	0
898	0	0	1
899	1	0	1
900	1	1	0
901	0	0	1
902	1	0	1
903	1	0	1
904	1	1	0
905	1	0	1
906	1	1	0
907	1	0	1
908	1	0	1
909	0	1	0
910	1	1	0
911	1	1	0
912	0	1	0
913	0	0	1
914	1	0	1
915	1	0	1
916	1	1	0
917	1	0	1
918	0	0	1
919	1	1	0
920	1	0	1
921	0	0	1
922	1	0	1
923	1	1	0
924	0	0	1
925	1	0	1
926	0	1	0
927	1	0	1
928	0	0	1
929	1	1	0
930	0	0	1
931	1	0	1
932	1	0	1
933	0	0	1
934	1	0	1
935	1	0	1
936	0	0	1
937	1	0	1
938	1	0	1
939	0	1	0
940	1	0	1
941	1	1	0
942	1	0	1
943	0	0	1
944	0	1	0
945	1	1	0
946	1	1	0
947	1	0	1
948	1	0	1
949	1	0	1
950	1	0	1
951	1	1	0
952	1	1	0
953	1	1	0
954	0	0	0
955	1	0	0
956	1	1	0
957	0	0	0
958	1	0	1
959	1	0	1
960	1	1	0
961	0	0	1
962	1	0	1
963	1	1	0
964	0	0	1
965	1	0	1
966	1	0	1
967	0	1	0
968	1	0	1
969	1	0	1
970	0	1	0
971	1	0	1
972	0	1	0
973	1	0	1
974	1	0	1
975	0	1	0
976	1	1	0
977	1	0	1
978	1	0	1
979	1	0	1
980	1	1	0
981	0	0	1
982	1	0	1
983	1	0	1
984	0	1	0
985	1	0	1
986	1	0	1
987	0	1	0
988	1	0	1
989	1	0	1
990	0	0	1
991	1	1	0
992	1	0	1
993	1	1	0
994	0	0	1
995	1	0	1
996	0	0	1
997	1	1	0
998	1	0	1
999	0	0	1
1000	1	1	0
1001	1	0	1
1002	1	0	1
1003	1	0	1
1004	1	1	0
1005	1	0	1
1006	1	0	1
1007	1	0	1
1008	0	1	0
1009	1	0	1
1010	1	0	1
1011	1	1	0
1012	0	0	1
1013	1	0	1
1014	1	0	1
1015	0	1	0
1016	1	0	1
1017	1	1	0
1018	1	0	1
1019	1	0	1
1020	1	0	1
1021	1	1	0
1022	0	0	1
1023	1	0	1
1024	1	1	0
1025	1	0	1
1026	1	0	1
1027	0	0	1
1028	1	1	0
1029	1	0	0
1030	0	0	1
1031	1	0	1
1032	1	1	0
1033	1	0	1
1034	1	0	1
1035	0	1	0
1036	1	0	1
1037	1	0	1
1038	1	0	1
1039	0	1	0
1040	1	0	1
1041	1	1	0
1042	1	0	1
1043	1	0	1
1044	0	0	1
1045	0	1	0
1046	1	0	1
1047	1	0	1
1048	1	1	0
1049	1	0	1
1050	0	0	1
1051	0	0	1
1052	1	1	0
1053	1	0	1
1054	1	0	1
1055	1	0	1
1056	1	1	0
1057	0	0	1
1058	1	0	1
1059	1	1	0
1060	0	0	1
1061	1	0	1
1062	0	0	1
1063	1	1	0
1064	1	0	1
1065	1	1	0
1066	0	0	1
1067	1	0	1
1068	1	0	1
1069	1	1	0
1070	0	0	1
1071	0	0	1
1072	1	0	1
1073	1	1	0
1074	0	0	1
1075	1	0	1
1076	1	0	1
1077	0	1	0
1078	1	0	1
1079	0	0	1
1080	1	1	0
1081	0	0	1
1082	1	0	1
1083	0	0	1
1084	1	1	0
1085	1	0	1
1086	0	1	0
1087	1	0	1
1088	1	0	1
1089	0	0	1
1090	1	1	0
1091	1	0	1
1092	0	0	1
1093	1	0	1
1094	1	1	0
1095	1	0	1
1096	0	0	1
1097	0	0	1
1098	1	1	0
1099	1	0	1
1100	1	0	1
1101	1	1	0
1102	1	0	1
1103	1	0	1
1104	1	0	1
1105	1	1	0
1106	1	0	1
1107	0	1	0
1108	1	0	1
1109	1	0	1
1110	0	0	1
1111	1	1	0
1112	1	0	1
1113	1	0	1
1114	0	1	0
1115	1	0	1
1116	1	0	1
1117	0	1	0
1118	1	1	0
1119	1	1	0
1120	0	0	1
1121	1	0	1
1122	1	0	1

# Selected states for estimation attack (the reference bus cannot be selected)
# Number of States follows by the line showing the selected buses (NOT IN USE: Only specifies the minimum number of states to attack)
2
9 10

# Maximum number of states for estimation attack
299

# The equality relations between the selected states based on their change amounts (this is important to choose the measurements for alteration)
# Number of constraints
0
# A pair states, equal (0) or non-equal (1)
#9 10 1

# Attacker's Resource Limitation
124 124