-0.838000 -0.747000 -0.668000 -0.611000 -0.630000 -0.657000 -0.657000 -0.652000 -0.648000 -0.639000 -0.632000 -0.633000 -0.644000
-0.162000 -0.253000 -0.332000 -0.389000 -0.370000 -0.343000 -0.343000 -0.348000 -0.352000 -0.361000 -0.368000 -0.367000 -0.356000
0.027000 -0.532000 -0.151000 -0.103000 -0.120000 -0.143000 -0.143000 -0.138000 -0.135000 -0.127000 -0.121000 -0.122000 -0.131000
0.057000 -0.144000 -0.317000 -0.216000 -0.250000 -0.299000 -0.299000 -0.289000 -0.282000 -0.266000 -0.253000 -0.256000 -0.274000
0.077000 -0.071000 -0.199000 -0.292000 -0.260000 -0.216000 -0.216000 -0.225000 -0.231000 -0.245000 -0.258000 -0.255000 -0.238000
0.027000 0.468000 -0.151000 -0.103000 -0.120000 -0.143000 -0.143000 -0.138000 -0.135000 -0.127000 -0.121000 -0.122000 -0.131000
0.080000 0.307000 0.503000 -0.302000 -0.028000 0.359000 0.359000 0.283000 0.228000 0.102000 -0.004000 0.016000 0.166000
0.003000 0.011000 0.018000 -0.011000 -0.217000 -0.634000 -0.634000 -0.451000 -0.409000 -0.315000 -0.235000 -0.250000 -0.363000
0.002000 0.006000 0.010000 -0.006000 -0.125000 -0.166000 -0.166000 -0.259000 -0.235000 -0.181000 -0.135000 -0.144000 -0.209000
-0.005000 -0.017000 -0.029000 0.017000 -0.658000 -0.200000 -0.200000 -0.290000 -0.355000 -0.504000 -0.629000 -0.607000 -0.428000
-0.003000 -0.011000 -0.017000 0.010000 0.206000 -0.120000 -0.120000 -0.175000 -0.285000 -0.535000 0.176000 0.152000 -0.032000
-0.000000 -0.002000 -0.003000 0.002000 0.030000 -0.018000 -0.018000 -0.026000 -0.016000 0.007000 -0.520000 -0.169000 -0.088000
-0.001000 -0.005000 -0.009000 0.005000 0.106000 -0.062000 -0.062000 -0.090000 -0.055000 0.024000 -0.285000 -0.590000 -0.308000
-0.000000 -0.000000 0.000000 -0.000000 0.000000 0.000000 -1.000000 -0.000000 0.000000 -0.000000 0.000000 -0.000000 0.000000
0.003000 0.011000 0.018000 -0.011000 -0.217000 0.366000 0.366000 -0.451000 -0.409000 -0.315000 -0.235000 -0.250000 -0.363000
0.003000 0.011000 0.017000 -0.010000 -0.206000 0.120000 0.120000 0.175000 -0.715000 -0.465000 -0.176000 -0.152000 0.032000
0.002000 0.007000 0.011000 -0.007000 -0.136000 0.079000 0.079000 0.115000 0.071000 -0.031000 -0.195000 -0.241000 -0.604000
0.003000 0.011000 0.017000 -0.010000 -0.206000 0.120000 0.120000 0.175000 0.285000 -0.465000 -0.176000 -0.152000 0.032000
-0.000000 -0.002000 -0.003000 0.002000 0.030000 -0.018000 -0.018000 -0.026000 -0.016000 0.007000 0.480000 -0.169000 -0.088000
-0.002000 -0.007000 -0.011000 0.007000 0.136000 -0.079000 -0.079000 -0.115000 -0.071000 0.031000 0.195000 0.241000 -0.396000
